3.1415926535844444444489229999482948932987985732409573920847598324759032745
1415926535844444444489229999482948932987985732409573920847598324759032745
1415926535844444444489229999482948932987985732409573920847598324759032745
1415926535844444444489229999482948932987985732409573920847598324759032745
1415926535844444444489229999482948932987985732409573920847598324759032745
1415926535844444444489229999482948932987985732409573920847598324759032745
1415926535844444444489229999482948932987985732409573920847598324759032745
1415926535844444444489229999482948932987985732409573920847598324759032745
1415926535844444444489229999482948932987985732409573920847598324759032745
1415926535844444444489229999482948932987985732409573920847598324759032745
1415926535844444444489229999482948932987985732409573920847598324759032745
1415926535844444444489229999482948932987985732409573920847598324759032745
1415926535844444444489229999482948932987985732409573920847598324759032745
1415926535844444444489229999482948932987985732409573920847598324759032745
1415926535844444444489229999482948932987985732409573920847598324759032745
1415926535844444444489229999482948932987985732409573920847598324759032745
1415926535844444444489229999482948932987985732409573920847598324759032745
1415926535844444444489229999482948932987985732409573920847598324759032745



